,revenue,revenue,revenue,revenue,revenue,revenue,revenue,revenue,revenue,revenue,revenue,revenue,revenue,revenue,revenue,revenue,revenue,revenue,revenue,revenue,revenue,revenue,revenue,revenue,revenue,revenue,revenue,revenue,revenue,revenue,revenue,revenue,revenue,revenue,revenue,revenue,revenue,revenue,revenue,revenue,revenue,revenue,revenue,revenue,revenue,revenue,revenue,revenue,revenue
date_reg,2012-07,2012-08,2012-10,2012-12,2013-02,2013-04,2013-05,2013-09,2013-12,2014-11,2016-06,2016-10,2017-01,2017-02,2017-03,2017-04,2017-05,2017-06,2017-07,2017-08,2017-09,2017-10,2017-11,2017-12,2018-01,2018-02,2018-03,2018-04,2018-05,2018-06,2018-07,2018-08,2018-09,2018-10,2018-11,2018-12,2019-01,2019-02,2019-03,2019-04,2019-05,2019-06,2019-07,2019-08,2019-09,2019-10,2019-11,2019-12,2020-01
date_ord,,,,,,,,,,,,,,,,,,,,,,,,,,,,,,,,,,,,,,,,,,,,,,,,,
2019-04,18345.0,23942.0,4966.0,,5593.0,17612.0,3452.0,6261.0,21729.0,,4454.0,21244.0,68881.0,151516.0,240893.0,2492328.0,3644862.0,4418165.0,4195097.0,5741215.0,6017256.0,6760276.0,6372172.0,7030955.0,7111863.0,6204995.0,8108142.0,7177144.0,5582206.0,7740925.0,8830714.0,11708616.0,18734720.0,26844953.0,22888291.0,26133447.0,24249882.0,26281633.0,35843799.0,32703203.0,,,,,,,,,
2019-05,16138.0,21851.0,4366.0,2589.0,9957.0,13325.0,,2574.0,12488.0,,8202.0,16544.0,44210.0,93146.0,260225.0,2227571.0,3329227.0,4239573.0,3909086.0,5293455.0,5278314.0,5523334.0,5750767.0,6111207.0,6557448.0,5523877.0,7300330.0,6404240.0,5292412.0,7149987.0,8182661.0,10439720.0,16656188.0,23597383.0,20180391.0,22760637.0,20764588.0,21355043.0,23192177.0,21326970.0,25828650.0,,,,,,,,
2019-06,14206.0,3638.0,5723.0,3336.0,2880.0,13576.0,,1651.0,19018.0,,4255.0,12591.0,45989.0,103237.0,146798.0,2067450.0,3295597.0,3855959.0,3952538.0,4819011.0,4508396.0,4762699.0,4975121.0,5310046.0,5587656.0,5039119.0,5998361.0,5669251.0,4525013.0,6451887.0,7565956.0,9490110.0,14597317.0,20026181.0,17463664.0,19577342.0,17539812.0,17810764.0,18173206.0,13318514.0,16778395.0,24244307.0,,,,,,,
2019-07,18971.0,,2511.0,,,10007.0,,3477.0,9301.0,,6556.0,21533.0,18889.0,78527.0,118353.0,1920090.0,2910177.0,3715207.0,3732043.0,4656882.0,4191392.0,4418287.0,4937758.0,4835724.0,5012375.0,4426805.0,5460121.0,5376394.0,4473237.0,5980349.0,7713822.0,9009218.0,13614956.0,18596176.0,15847696.0,18350950.0,16327131.0,16124552.0,16117706.0,11251527.0,11514987.0,16723824.0,25548340.0,4134.0,,,,,
2019-08,13413.0,4103.0,6286.0,,4987.0,18002.0,,2736.0,22573.0,,9107.0,22847.0,45393.0,87492.0,126084.0,2103270.0,3036827.0,4134145.0,3700439.0,5104824.0,4671528.0,5102673.0,5156403.0,5351856.0,5398203.0,5088446.0,5852824.0,5704501.0,4572325.0,6380204.0,7911435.0,9727645.0,14888908.0,19663376.0,16341480.0,19439284.0,16476154.0,17520424.0,16777288.0,11291035.0,10805508.0,12772761.0,18400389.0,30831636.0,,,1058.0,,
2019-09,11454.0,28715.0,2021.0,2883.0,7384.0,22432.0,,1595.0,7465.0,32623.0,5678.0,20343.0,69081.0,123190.0,207962.0,2279432.0,3475759.0,4342552.0,4188907.0,5364824.0,5461054.0,5860437.0,5849865.0,5894357.0,6273000.0,5605991.0,6964808.0,6515814.0,5059200.0,6701174.0,8132627.0,10596725.0,17477204.0,22304168.0,19098932.0,21050887.0,19518307.0,20121837.0,18993811.0,12417278.0,11044208.0,11938193.0,14051576.0,22723081.0,39467535.0,,,,
2019-10,10979.0,13043.0,2036.0,,7316.0,9968.0,,2055.0,10665.0,24027.0,6031.0,33330.0,51022.0,136605.0,277429.0,2614271.0,3639948.0,4674758.0,4491078.0,5813022.0,6019613.0,6365102.0,6564580.0,6728683.0,6998512.0,6223644.0,7511196.0,6974782.0,5721685.0,7139853.0,8496768.0,11100108.0,19188654.0,25889223.0,21229333.0,23562376.0,21516626.0,22313329.0,20861449.0,13025077.0,11341209.0,12489482.0,14013676.0,18963658.0,33571733.0,49488413.0,,,4906.0
2019-11,11254.0,13677.0,6004.0,,,22064.0,,,20977.0,24568.0,4327.0,16574.0,81310.0,182098.0,225587.0,2917091.0,4099098.0,5374749.0,5060831.0,6296622.0,6306922.0,7352585.0,7594552.0,7655609.0,7721282.0,6859186.0,8265786.0,7577665.0,5979785.0,7735069.0,9490351.0,12013357.0,20125865.0,27683658.0,23625277.0,26987766.0,23562575.0,23675611.0,22709086.0,14622517.0,12323934.0,13661130.0,14179176.0,19294119.0,29360304.0,40850839.0,61113674.0,,1550.0
2019-12,11093.0,12726.0,2134.0,,14744.0,28872.0,,2679.0,16879.0,17315.0,1955.0,69821.0,64459.0,204104.0,331557.0,3462403.0,4779859.0,6355856.0,5906387.0,7426131.0,7654143.0,8106730.0,8551474.0,9311120.0,8915532.0,7984507.0,9520144.0,8963650.0,7120519.0,8625824.0,10711956.0,13655143.0,23355815.0,32277811.0,27280105.0,34122989.0,28024825.0,27780811.0,26638904.0,16579198.0,13646076.0,15090456.0,16081512.0,21054389.0,30763028.0,36709932.0,57292523.0,84178598.0,2827.0
2020-01,2310.0,4240.0,2773.0,,4434.0,,,,,6014.0,2382.0,5701.0,11496.0,41867.0,99014.0,998125.0,1297571.0,1732117.0,1749973.0,2215330.0,2279442.0,2451977.0,2529023.0,2362213.0,2565445.0,2263336.0,2748788.0,2638401.0,1882020.0,2427286.0,3185573.0,4005871.0,6808503.0,9268665.0,7605139.0,9290074.0,8293759.0,7962058.0,7411969.0,4858280.0,3949981.0,3967945.0,4732955.0,6249198.0,8460564.0,9459565.0,12191396.0,15004076.0,13203325.0
